49 1 10 3 
0.921141 0.0551093 0.882343 0.679633 0.165692 0.570264 0.861084 0.670056 0.544221 0.388685 0.149374 0.3395 0.633252 0.690241 0.542783 0.411261 0.787063 0.75 0.483903 0.145011 0.226875 0.171843 0.901715 0.153516 0.194706 0.772491 0.37881 0.490143 0.496916 1.03196 0.0313599 0.942737 0.562152 0.482226 0.145234 0.725814 0.508397 0.56778 0.448664 0.642163 0.859091 0.0169332 0.879925 0.0237836 0.226199 0.940699 0.899819 0.0125771 0.701015 0.380309 0.622395 0.442428 0.0598396 0.483847 0.118227 0.770618 0.249995 0.947091 0.309439 0.304637 0.496814 0.298767 0.720033 0.0237112 0.289095 0.384248 0.74 0.7606 0.943385 0.661759 0.355219 0.330374 0.671503 0.761472 0.311547 0.934206 0.700051 0.741707 0.459371 0.920054 0.645425 0.057476 0.915626 0.710772 0.0571017 0.988364 0.515196 0.863754 0.504077 0.751823 0.602799 0.929962 0.571231 0.333094 0.960592 0.340096 0.231737 0.221326 0.110229 0.658159 0.879746 0.979994 0.949815 0.0662671 0.257191 0.77693 0.972383 0.474909 0.478799 0.897119 0.931961 0.170778 0.958655 0.807539 0.372274 0.01 0.310095 0.862896 0.830137 0.798404 0.116653 0.439891 0.738437 0.249226 0.243622 0.221325 0.584927 0.505185 0.440072 0.229426 0.174428 0.836484 0.707926 0.0981341 0.41939 -0.0442277 0.392867 0.889884 -0.0170673 0.457009 0.848596 0.939701 0.169561 0.809453 0.28002 0.569515 0.349507 0.140567 0.979232 0.179814 0.940186 0.138539 0.13894 0.201091 0.391416 0.428723 0.925256 0.510326 0.946385 0.907575 0.740521 0.659765 0.263266 0.498859 0.8 0.737905 -0.016388 0.760047 0.657777 0.53593 0.239834 0.511567 0.469566 0.425181 0.840664 0.298784 0.97561 0.190297 0.419459 0.48841 0.363396 0.900344 0.169374 0.53653 0.614304 0.553482 0.490791 0.565739 0.600522 0.440803 0.459797 0.328823 0.100741 0.739936 0.329311 0.420287 0.774586 0.821636 0.165065 0.534569 0.423826 0.340598 0.602989 0.802063 1.06397 1.03297 -0.651504 1.20758 1.46953 0.0598176 0.168713 1.51464 -0.424324 0.53 -1.07973 0.937266 0.313775 0.586213 -0.594496 0.152905 0.394966 0.108867 -0.724586 0.131867 -0.881363 1.14048 0.595467 0.362173 0.743995 1.08291 -0.845527 -1.38172 -0.123114 -0.449123 -0.245484 -0.278914 0.142136 -0.73641 0.0343985 0.675715 0.231722 0.351934 0.592993 0.167256 0.510848 0.740319 0.74414 0.616762 0.889843 0.392131 0.320291 0.990175 0.0308423 0.347508 0.112949 0.333154 0.173544 0.334001 0.290529 -0.0041068 0.609881 0.361769 0.64 0.535539 -0.0139668 0.136916 0.160815 0.758283 0.768389 0.749633 0.315438 0.927476 0.720498 0.940392 0.619611 0.219334 0.175649 0.443324 0.267182 0.616245 0.392118 0.692748 0.532657 0.334296 0.019543 0.794208 0.349951 0.860453 0.147724 0.132538 0.38038 0.367617 0.476104 0.0254753 0.714966 0.064831 0.688459 0.511652 0.890153 -0.899459 0.0143452 0.221522 3.56966 -0.633712 -1.08242 0.301531 2.61582 0.827023 0.958083 -0.133875 -0.235845 0.02 0.690715 -1.25813 0.293524 0.176316 -0.546586 0.0927434 -0.123896 -0.413412 -0.720243 0.568633 -0.894294 -0.325055 0.518661 -0.864585 1.69879 0.106865 0.806324 0.454176 2.75867 0.316679 -0.755786 -1.48754 2.74057 0.817742 0.357566 0.165894 0.109689 -0.162766 0.360817 0.568557 0.224158 0.641079 0.201272 0.639219 0.08903 0.0665226 0.92694 0.921907 0.0889848 0.838081 0.269665 0.169777 0.406459 0.845816 0.809782 0.272409 0.422887 0.717979 0.2 0.143831 1.10396 0.365449 0.0277224 0.39788 0.707979 0.526078 0.856835 1.05733 0.699857 0.640676 0.208122 0.900408 0.804672 0.775814 0.20723 0.885117 0.839075 0.467822 0.464672 0.606122 0.455351 0.449716 0.459453 0.599156 0.843589 0.799149 0.39131 0.11984 0.0418827 0.591868 0.790307 0.972896 0.47494 0.78953 0.244132 0.181759 0.310989 0.609257 0.579483 0.0567504 0.818645 0.689199 0.421082 0.569842 0.432378 0.525253 0.982127 0.79 0.956484 0.35992 0.242578 0.816283 0.340388 0.702454 0.940713 0.144643 0.054456 0.330086 0.778122 0.0820512 0.44005 0.0946477 0.542619 0.472881 0.874606 0.301447 0.104319 0.749093 0.474359 0.75805 0.238907 0.20732 0.889414 0.691104 0.303164 0.84057 0.689961 0.292437 0.632031 0.180721 0.11655 0.870061 0.990107 0.939698 0.0861442 0.449693 0.0898668 0.11698 0.762806 0.36809 0.132383 0.746029 0.490118 0.20806 0.153185 0.889633 0.51 0.301232 0.588579 0.949908 0.535949 0.37326 0.679515 0.429254 0.078822 0.958302 0.280298 0.770621 0.769159 0.910049 0.469536 0.917249 0.290117 0.991053 0.859604 0.404002 0.421475 0.449015 0.496265 0.233223 0.390638 0.19009 0.489411 0.879027 0.399897 0.670626 0.288666 0.440117 0.149391 0.719981 0.253616 -0.164389 3.67092 -0.41164 -9.87724 0.52383 0.212568 0.0392628 -1.79704 -1.74767 -1.22905 -1.908 8.75405 -1.86928 9.18675 -1.80305 -1.61504 -1.48578 0.322975 0.555082 0.24749 0.668394 -9.7622 1.03331 1.17839 0.264474 0.236655 0.394097 
0 0 0 0 0 0 0
0 0 1 1 1 0 0
0 1 0 0 0 1 0
1 1 0 0 0 1 0
0 1 0 0 0 1 0
0 0 1 1 1 0 1
0 0 0 0 0 0 0
0 0 0 0 0 0 0
0 1 1 1 1 1 0
0 1 0 0 0 1 0
0 1 0 0 0 1 0
0 1 0 0 0 0 0
0 1 1 1 1 1 0
0 0 0 0 1 0 1